0 0
0 8 0 516
0 0 0
0 0 0

0 0 0 0 0 0 0 0 0 0 148548 148548 148548 148548 0 0 0 0 0 0 
0 0 0 0 0 0 0 6 0 0 0 148548 148548 148548 0 0 0 0 0 139810 
0 0 0 0 0 0 0 6 795 405 0 0 148548 0 0 0 0 0 1 0 
0 0 139810 0 139810 0 0 0 797 21 0 0 0 0 0 0 0 0 0 0 
0 0 0 139810 139810 0 0 0 21 21 0 0 0 0 0 0 0 0 0 0 
0 0 0 139810 139810 0 0 0 21 19 403 403 403 403 403 403 405 0 0 0 
0 1 0 0 0 0 0 0 19 403 403 403 403 403 403 405 21 0 0 0 
1 1 795 403 403 403 403 403 403 403 403 403 403 403 403 49 9 0 0 0 
0 6 6 0 0 0 148548 0 0 0 0 0 0 0 0 9 9 0 0 0 
0 0 1 0 0 0 148548 148548 0 0 0 0 0 0 0 0 0 0 0 0 
0 0 0 0 0 0 0 148548 0 0 0 0 0 0 0 0 0 0 0 0 
0 0 0 0 0 0 0 1 0 0 0 139810 0 0 0 0 0 0 0 0 

5
6 10
139810 10
148548 30
139266 30
140354 30
