-960 -226
6 2 4 1199
2 1 2
1 0 1

0 0 0 0 0 0 0 0 0 0 148548 148548 148548 148548 0 0 0 0 0 0 139810 139810 0 0 0 0 0 6 6 0 0 0 
0 0 0 0 0 0 0 6 0 0 0 148548 148548 148548 0 0 0 0 0 139810 139810 139810 0 0 0 0 6 6 6 0 0 0 
0 0 0 0 0 0 0 6 6 0 0 0 148548 0 0 0 0 0 1 0 0 139810 139810 0 0 0 0 1 0 0 1 0 
0 0 139810 0 139810 0 0 0 6 0 0 0 0 0 0 0 0 0 0 0 0 139810 0 17895709 0 0 0 0 0 0 0 0 
0 0 0 139810 139810 0 0 0 0 0 0 0 0 0 0 0 0 0 0 0 41 39 37 9 0 0 0 0 0 0 0 0 
0 0 0 139810 139810 0 0 0 0 0 0 0 0 0 0 0 0 0 0 0 149 9 23 19 35 403 75 405 0 0 139810 0 
0 1 0 0 0 0 0 0 0 0 0 0 0 0 0 0 0 0 0 0 19 403 75 405 9 41 0 21 0 139810 139810 0 
1 1 6 0 0 0 0 0 0 0 0 0 0 0 0 49 9 9 9 0 0 0 63 23 0 0 63 23 0 0 139810 0 
0 6 6 0 0 0 148548 0 0 0 0 0 0 0 0 9 9 9 9 151 151 151 9 151 151 151 9 279 0 0 0 0 
0 0 1 0 0 0 148548 148548 0 0 0 0 0 0 0 9 9 9 9 0 0 0 0 0 41 275 35 401 1 0 0 0 
0 0 0 0 0 0 0 148548 0 0 0 0 0 0 0 9 9 9 9 0 0 0 0 0 33 9 9 41 0 0 0 0 
0 0 0 0 0 0 0 1 0 0 0 139810 0 0 0 0 0 0 0 0 0 0 0 0 19014169 0 0 0 0 0 0 0 
0 0 0 0 0 0 0 0 0 0 139810 139810 139810 0 0 0 0 0 0 0 0 0 0 0 148548 148548 0 0 0 0 0 0 
0 0 0 0 0 0 0 0 0 1 139810 139810 139810 0 0 0 0 0 0 0 0 0 0 148548 148548 0 0 0 0 0 0 0 
0 0 1 0 0 0 6 0 0 0 0 139810 0 1 0 0 0 0 0 0 0 0 0 148548 148548 148548 0 0 0 0 0 0 
0 0 0 0 0 6 6 6 0 0 0 0 0 0 0 0 0 0 0 0 0 0 0 0 148548 0 0 0 0 0 0 0 
148548 148548 0 0 0 0 6 0 0 0 0 0 0 0 0 0 0 0 0 0 139810 0 0 0 0 0 0 0 0 0 0 0 
148548 148548 148548 0 1 0 0 1 0 0 0 0 0 1 0 0 0 0 0 139810 139810 0 0 0 0 0 0 1 0 0 0 0 
148548 148548 0 0 0 0 0 0 0 0 0 0 0 0 0 0 0 0 1 139810 139810 139810 0 0 0 0 0 0 0 0 1 0 
148548 0 0 0 0 0 0 0 0 0 0 0 0 0 0 0 0 0 0 0 0 0 0 0 0 0 0 0 0 0 0 0 

7
6 10
139810 10
148548 30
139266 30
140354 30
6 25
140320 20
